001 16 104 192 128 1.45
002 24 64 288 192 2.54
003 16 88 192 128 2.32
006 120 152 96 64 1.63
006 264 200 96 64 0.9
009 48 128 192 128 1.2
010 8 136 96 64 2.42
010 64 248 96 64 0.95
011 72 40 288 192 1.93
012 64 248 96 64 1.17
013 112 144 96 64 1.49
014 64 152 96 64 1.58
016 48 152 96 64 1.23
016 0 112 192 128 1.29
018 48 56 288 192 1.04
019 8 88 288 192 1.52
020 120 288 96 64 1.43
021 32 80 192 128 1.91
022 144 200 96 64 1.36
022 40 168 192 128 2.07
023 16 72 96 64 0.82
023 16 112 96 64 1.34
023 40 96 96 64 1.33
023 216 64 96 64 1.62
023 0 64 192 128 0.86
023 184 64 192 128 1.71
023 184 248 192 128 2.45
024 104 296 96 64 1.34
024 24 112 192 128 2.43
025 192 88 192 128 0.88
025 24 56 288 192 1.53
026 0 56 288 192 1.59
027 24 136 96 64 1.51
027 48 208 96 64 1.65
027 240 88 96 64 1.02
027 296 112 96 64 2.32
027 216 80 192 128 0.8
028 16 56 96 64 3.33
028 56 328 96 64 2.09
028 64 208 96 64 2.6
029 24 128 96 64 1.41
029 296 112 96 64 1.25
030 16 280 96 64 1.4
030 16 112 192 128 1.16
031 24 32 288 192 1.94
032 80 56 192 128 2.14
033 88 120 192 128 1.44
034 128 168 96 64 2.82
034 240 160 96 64 0.83
034 192 144 192 128 0.85
035 128 72 96 64 2.89
038 120 240 96 64 0.94
039 120 168 96 64 1.38
039 48 56 288 192 3.15
040 0 112 192 128 1.87
040 48 88 192 128 1.4
041 16 104 96 64 2.5
042 48 112 192 128 1.39
042 160 16 192 128 0.9
044 24 56 288 192 1.99
046 64 200 96 64 1.81
047 56 64 288 192 1.85
048 48 120 96 64 1.49
049 48 208 96 64 1.64
050 48 80 96 64 1.69
052 8 136 96 64 2.03
052 328 176 96 64 0.9
053 16 72 288 192 2.24
054 80 160 96 64 2.22
056 0 176 192 128 0.87
057 0 80 192 128 1.48
058 24 32 96 64 1.15
058 32 152 96 64 0.84
058 32 256 96 64 1.45
058 32 344 96 64 2.12
059 32 184 96 64 2.51
060 72 176 96 64 3.38
061 192 88 192 128 1.01
061 40 40 288 192 1.71
062 32 88 192 128 1.51
063 352 120 96 64 0.8
063 16 40 192 128 1.23
063 16 200 192 128 3.22
063 240 200 192 128 1.86
064 112 160 96 64 1.11
065 72 72 192 128 1.33
066 40 72 192 128 2.1
067 56 264 192 128 3.19
067 8 8 288 192 3.2
069 24 64 96 64 1.29
069 40 304 96 64 2.19
070 40 224 96 64 2.29
072 280 64 96 64 1.35
072 56 128 192 128 1.58
075 24 272 96 64 1.07
075 352 160 96 64 0.94
075 8 208 192 128 2.25
075 160 88 192 128 1.11
076 296 240 96 64 0.99
076 16 96 192 128 2.24
077 16 56 96 64 1.78
077 40 256 96 64 1.04
077 64 160 96 64 0.89
080 72 232 192 128 1.16
081 0 64 384 256 1.46
082 40 136 192 128 0.88
082 0 32 384 256 1.51
084 16 112 96 64 2.74
084 56 248 96 64 1.95
085 40 40 288 192 1.97
086 32 96 192 128 2.22
088 160 160 96 64 0.82
088 40 216 192 128 2.08
089 168 184 96 64 1.11
089 80 64 288 192 2.61
090 96 96 192 128 1.84
091 16 80 192 128 1.97
093 56 136 96 64 0.87
093 8 104 192 128 0.83
094 0 232 288 192 2.26
095 256 288 96 64 0.86
097 0 104 288 192 1.74
098 48 128 96 64 1.9
099 40 80 96 64 0.99
100 48 336 96 64 0.86
100 8 312 192 128 1.35
100 176 0 192 128 0.9
100 176 216 192 128 1.1
101 0 8 384 256 2.89
102 24 160 96 64 2.65
102 288 192 96 64 0.9
103 120 32 96 64 1.37
106 56 112 96 64 0.96
106 16 64 192 128 1.34
107 8 32 384 256 2.02
108 56 104 96 64 1.31
109 8 80 192 128 1.2
110 32 72 192 128 2.71
111 16 264 96 64 2.5
111 24 320 96 64 2.34
111 104 288 96 64 1.43
111 112 368 96 64 1.55
111 136 280 96 64 1.11
111 40 64 192 128 2.54
112 24 64 192 128 2.23
112 48 232 192 128 0.88
114 40 208 96 64 1.37
116 24 32 96 64 3.01
116 96 216 96 64 1.81
116 200 16 96 64 0.84
117 120 56 96 64 0.94
117 136 144 96 64 1.07
118 40 120 96 64 1.08
119 32 128 96 64 1.16
119 184 104 192 128 0.89
120 48 200 96 64 1.22
121 0 120 192 128 1.06
122 24 112 96 64 1.38
123 72 192 192 128 1.31
124 232 40 96 64 0.94
125 16 0 96 64 2.29
126 40 64 288 192 2.87
127 40 48 96 64 1.01
127 72 208 96 64 1.56
127 88 352 96 64 2.89
129 0 48 192 128 1.1
130 24 264 192 128 1.84
132 40 96 96 64 1.33
133 48 136 96 64 2.76
133 72 248 96 64 2.58
134 24 56 288 192 1.79
135 64 64 288 192 1.03
140 24 152 96 64 1.28
140 24 272 96 64 1.15
141 40 176 192 128 1.63
142 304 184 96 64 1.13
142 336 200 96 64 1.95
142 40 112 192 128 2.28
143 8 16 384 256 2.92
144 0 80 192 128 1.62
146 64 200 96 64 1.17
147 40 104 192 128 1.57
148 48 152 192 128 1.51
149 40 288 96 64 1.18
149 192 152 96 64 1.58
149 0 264 192 128 0.94
150 32 112 96 64 1.61
151 0 40 384 256 1.88
152 48 112 96 64 2.22
152 0 88 192 128 1.27
153 104 184 192 128 3.06
155 48 112 96 64 0.86
156 32 280 96 64 1.28
156 72 88 96 64 2.3
157 128 64 192 128 0.8
158 112 96 96 64 0.95
158 24 80 288 192 1.9
159 16 48 288 192 2.49
160 32 48 288 192 2.64
161 8 160 192 128 1.3
163 112 232 96 64 0.95
163 8 192 192 128 2.64
165 120 72 192 128 1.16
167 8 280 192 128 1.34
172 24 56 288 192 2.12
174 56 24 288 192 1.22
176 96 96 192 128 1.6
177 32 192 96 64 1.36
177 32 320 96 64 2.91
177 64 64 96 64 1.92
178 40 152 192 128 1.61
179 88 160 96 64 1.01
179 112 88 96 64 1.35
179 32 72 288 192 1.94
180 240 376 192 128 1.92
181 16 208 96 64 2.72
182 0 24 384 256 2.34
183 32 80 96 64 2.13
185 24 48 192 128 2.18
186 32 216 96 64 2.12
187 0 64 96 64 1.12
187 112 56 192 128 1.29
188 8 192 96 64 0.93
190 16 72 192 128 2.0
191 40 80 96 64 1.16
192 56 16 192 128 0.92
192 168 88 192 128 0.91
193 128 168 96 64 0.93
193 32 48 192 128 0.91
193 32 272 192 128 2.58
196 64 152 96 64 0.89
197 24 104 96 64 2.16
197 200 288 96 64 0.87
198 144 232 96 64 0.98
198 32 192 192 128 3.17
200 136 200 96 64 0.97
202 40 88 96 64 1.31
202 176 104 192 128 2.27
203 16 152 192 128 1.63
206 16 88 288 192 2.33
207 48 232 96 64 1.21
209 24 80 192 128 1.44
210 16 72 288 192 2.01
211 56 280 96 64 1.02
212 32 168 96 64 1.04
213 40 144 96 64 1.63
214 56 80 288 192 2.24
215 48 88 288 192 1.5
216 24 136 192 128 1.25
217 24 112 192 128 3.11
218 56 80 96 64 1.94
218 56 224 96 64 3.24
218 88 72 96 64 0.98
220 16 104 192 128 2.84
221 40 80 192 128 1.71
222 176 64 96 64 1.08
222 64 32 192 128 0.9
223 24 112 96 64 1.95
224 0 16 384 256 1.79
225 48 128 192 128 1.11
226 0 16 384 256 2.38
227 80 136 192 128 1.62
229 32 32 288 192 1.68
230 32 56 288 192 1.51
232 16 136 192 128 2.1
233 0 48 288 192 1.86
234 56 104 192 128 1.61
236 80 88 192 128 2.86
237 96 208 96 64 1.27
238 96 88 192 128 1.93
239 24 296 96 64 2.15
239 72 144 96 64 1.79
239 152 32 96 64 1.39
240 56 64 192 128 1.6
241 232 136 96 64 1.37
241 152 88 192 128 0.85
243 24 256 96 64 1.86
244 16 16 384 256 1.29
246 56 200 96 64 1.01
246 0 160 192 128 1.11
247 8 40 192 128 2.18
248 24 56 96 64 1.03
249 24 208 96 64 1.73
249 72 56 96 64 1.88
249 104 328 96 64 1.03
250 112 320 192 128 0.88
252 192 144 96 64 2.04
253 8 208 192 128 1.38
253 24 224 288 192 1.18
254 80 184 96 64 1.0
254 104 72 96 64 0.9
254 104 160 96 64 2.26
254 104 272 96 64 0.86
254 48 128 192 128 1.36
255 24 120 96 64 1.56
256 8 88 288 192 1.62
257 16 112 192 128 3.0
258 0 88 96 64 2.18
258 8 280 96 64 2.01
258 88 8 192 128 1.16
259 136 248 192 128 1.38
260 40 72 384 256 3.18
261 48 168 96 64 0.81
262 88 48 288 192 1.99
263 32 72 288 192 1.43
264 72 64 96 64 1.82
265 0 40 96 64 1.43
265 88 128 96 64 1.3
266 64 144 96 64 0.8
266 40 88 192 128 3.88
267 80 88 192 128 1.64
267 112 56 192 128 0.81
268 0 24 384 256 1.87
269 0 72 192 128 1.03
270 56 48 192 128 1.72
270 56 256 192 128 0.95
271 32 96 192 128 1.4
272 40 136 96 64 1.08
272 88 144 96 64 0.98
273 16 152 192 128 2.01
274 80 128 96 64 0.8
275 16 88 96 64 3.25
275 40 328 96 64 3.23
276 24 144 96 64 1.92
277 16 80 96 64 2.12
277 56 296 96 64 2.21
278 80 104 192 128 1.67
279 0 40 96 64 0.94
279 152 152 96 64 1.62
281 16 264 96 64 0.91
281 24 32 192 128 1.51
282 328 224 96 64 0.99
282 160 32 192 128 0.91
283 48 192 96 64 1.12
283 32 128 192 128 3.23
283 216 32 192 128 0.97
284 32 48 288 192 2.06
285 8 144 192 128 1.98
286 96 80 96 64 1.3
286 48 208 192 128 2.26
287 152 80 96 64 1.81
288 8 88 96 64 1.49
289 64 168 96 64 1.44
289 64 376 96 64 1.24
289 88 40 96 64 1.71
290 80 128 96 64 0.92
290 56 136 192 128 1.5
291 0 64 96 64 2.76
291 24 296 96 64 2.91
291 144 8 96 64 0.86
291 88 0 192 128 1.12
293 48 64 288 192 0.93
294 64 16 96 64 0.92
294 136 160 96 64 1.03
294 32 120 192 128 1.3
295 0 200 192 128 2.01
295 8 24 192 128 2.54
295 232 24 192 128 3.31
295 232 216 192 128 1.99
296 8 224 96 64 1.46
296 8 48 192 128 0.91
297 32 168 96 64 0.81
297 184 88 96 64 0.83
298 8 240 192 128 1.26
298 80 32 192 128 1.91
299 16 88 192 128 2.2
300 48 120 192 128 2.13
301 288 344 96 64 2.03
301 64 136 288 192 3.21
302 0 152 96 64 1.84
302 64 104 96 64 1.31
302 264 128 96 64 0.89
302 288 136 96 64 0.88
302 184 112 192 128 1.23
303 16 88 192 128 1.53
304 8 64 192 128 1.33
305 32 112 96 64 2.82
307 64 128 96 64 0.88
308 32 176 96 64 1.84
309 88 24 288 192 1.91
312 16 272 96 64 2.18
313 24 184 192 128 1.82
314 40 80 96 64 1.1
315 32 88 288 192 2.7
316 32 88 192 128 2.07
317 24 128 96 64 3.02
318 56 232 96 64 0.96
320 8 48 288 192 1.85
321 0 104 192 128 2.15
322 8 32 384 256 3.0
323 8 48 288 192 1.98
325 64 120 96 64 1.66
326 48 64 288 192 1.8
327 320 56 96 64 1.64
328 8 96 96 64 2.34
328 24 280 96 64 2.36
328 72 176 96 64 2.11
328 144 296 96 64 1.01
329 24 176 96 64 1.04
330 40 168 96 64 1.68
331 24 48 96 64 2.6
331 40 208 96 64 1.75
331 56 352 96 64 3.13
332 64 88 192 128 2.14
333 144 96 96 64 0.85
334 48 200 96 64 1.46
334 80 360 96 64 1.51
335 104 104 192 128 1.02
336 32 48 288 192 1.12
337 40 136 96 64 1.84
338 24 144 192 128 2.43
339 56 64 96 64 1.49
339 48 40 192 128 1.63
339 64 288 192 128 0.82
341 16 128 96 64 2.39
345 224 136 96 64 1.53
346 16 152 192 128 1.25
348 96 112 192 128 1.33
349 88 88 96 64 1.13
349 120 168 96 64 1.19
349 24 56 288 192 2.58
350 152 128 96 64 1.07
350 48 96 192 128 3.64
351 8 72 96 64 2.47
351 32 312 96 64 1.57
352 32 160 96 64 1.4
354 80 64 288 192 1.65
355 48 104 192 128 2.66
357 72 160 192 128 2.07
358 32 160 192 128 1.18
360 32 40 384 256 2.35
361 48 72 192 128 3.01
362 24 96 96 64 0.85
362 8 88 192 128 2.29
363 32 136 192 128 2.33
364 0 32 384 256 2.39
365 32 112 96 64 1.42
366 0 112 192 128 0.96
367 64 88 192 128 1.31
368 40 320 96 64 0.88
369 40 120 288 192 1.93
370 48 72 192 128 1.52
371 0 88 192 128 0.83
372 56 112 192 128 3.03
373 24 32 96 64 0.95
373 72 120 192 128 3.09
374 32 88 96 64 1.09
375 0 56 192 128 1.68
376 24 120 192 128 1.77
377 56 72 384 256 1.5
379 48 104 192 128 1.56
380 176 208 96 64 0.97
380 248 120 192 128 0.95
380 32 48 384 256 3.14
382 8 8 192 128 1.77
382 48 168 192 128 2.98
384 0 96 288 192 2.13
385 48 88 288 192 2.24
387 40 120 192 128 2.02
388 16 344 96 64 2.19
388 40 112 96 64 1.19
389 232 128 96 64 1.4
389 0 0 192 128 1.44
389 160 192 192 128 0.81
390 56 56 192 128 2.63
391 40 88 96 64 1.05
391 40 224 96 64 1.07
392 32 112 96 64 1.34
394 280 48 96 64 1.13
394 8 88 192 128 1.2
395 192 240 96 64 0.9
396 40 160 96 64 1.65
397 56 216 96 64 1.4
399 16 80 192 128 2.92
400 24 184 96 64 1.87
400 88 352 96 64 1.66
401 48 216 96 64 1.71
401 112 120 96 64 1.09
402 152 48 96 64 0.84
402 64 48 288 192 1.05
403 176 96 96 64 0.99
403 72 56 192 128 3.53
406 48 24 192 128 1.2
406 0 24 384 256 2.41
407 40 224 96 64 1.62
407 264 40 96 64 0.93
408 32 64 288 192 2.02
409 216 96 96 64 0.81
409 88 48 192 128 1.34
410 16 56 192 128 2.03
410 72 216 192 128 2.92
412 16 72 96 64 2.11
412 32 168 96 64 1.66
412 104 0 192 128 1.6
415 16 104 192 128 2.24
417 24 328 96 64 2.69
417 32 96 96 64 2.24
418 24 120 96 64 1.87
419 32 80 96 64 0.9
420 192 128 96 64 1.86
421 24 200 288 192 1.8
422 0 32 192 128 1.94
422 16 200 192 128 1.75
422 224 216 192 128 1.77
422 232 16 192 128 0.91
424 32 224 96 64 1.14
425 152 80 192 128 2.21
428 16 104 96 64 1.84
429 16 312 96 64 2.38
429 64 96 96 64 0.88
431 0 184 192 128 1.61
431 80 280 192 128 0.87
433 40 136 192 128 1.48
434 16 32 96 64 1.93
434 256 16 96 64 1.19
434 64 88 192 128 3.0
435 24 96 96 64 0.96
436 40 32 288 192 1.27
437 0 40 192 128 1.06
438 48 192 96 64 1.17
438 272 296 96 64 1.83
438 160 16 288 192 0.87
439 24 128 96 64 1.37
440 48 272 96 64 1.25
440 32 72 192 128 1.72
441 24 184 96 64 1.01
441 56 336 96 64 0.94
441 16 312 192 128 0.84
442 80 104 192 128 1.81
444 32 112 192 128 1.65
445 24 128 192 128 0.88
445 40 24 192 128 1.22
445 0 16 384 256 1.66
446 32 120 96 64 1.1
447 64 120 192 128 2.54
448 16 192 96 64 1.51
448 40 96 96 64 1.11
449 56 88 96 64 1.39
449 216 8 96 64 1.12
450 16 176 192 128 1.18
453 8 120 96 64 2.02
454 80 48 288 192 1.66
455 24 104 192 128 1.67
455 24 248 288 192 1.23
458 64 248 96 64 2.21
458 176 368 96 64 0.93
460 80 176 96 64 2.5
464 56 96 96 64 1.99
464 88 264 192 128 0.95
465 8 88 288 192 1.67
466 16 160 288 192 1.97
467 240 168 96 64 0.98
469 32 144 96 64 1.58
470 72 152 96 64 1.85
471 32 152 96 64 0.89
472 32 96 96 64 1.24
474 24 128 192 128 1.96
476 16 24 96 64 1.03
476 80 272 96 64 2.04
478 32 88 96 64 1.16
478 32 272 96 64 1.76
478 112 288 96 64 0.89
480 32 72 96 64 1.69
480 96 208 96 64 2.54
480 96 320 96 64 1.48
481 40 168 96 64 1.01
484 56 64 192 128 1.92
486 16 312 192 128 1.88
486 88 208 192 128 1.65
487 232 152 192 128 1.31
487 8 120 288 192 1.09
488 8 32 192 128 1.36
489 160 192 96 64 0.97
489 72 56 192 128 0.8
489 24 40 384 256 1.28
491 160 112 96 64 3.47
492 72 96 96 64 1.32
492 136 128 192 128 0.96
495 0 72 288 192 2.43
496 128 72 96 64 1.08
496 40 56 288 192 1.08
497 8 88 192 128 2.71
499 72 104 96 64 0.9
500 104 112 96 64 2.89